10
1
0 6
0.0004 0.0005
0.0004 0.0004
0.0000 0.0000
0.0000 1.0000
0.0635 1.0000
0.0582 0.5282
1
1 5
0.5238 0.6128
0.6269 0.7322
0.6267 1.0000
0.5238 1.0000
0.5236 0.6129
1
2 4
0.5238 0.6128
0.5222 0.5251
0.4507 0.5244
0.5236 0.6129
1
3 5
0.5152 0.0862
1.0000 0.0986
1.0000 0.0000
0.0000 0.0000
0.0004 0.0004
1
4 6
0.5236 0.6129
0.5238 1.0000
0.0635 1.0000
0.0582 0.5282
0.4505 0.5243
0.4507 0.5244
1
5 4
0.5222 0.5239
0.5152 0.0862
1.0000 0.0986
1.0000 0.5244
1
6 7
0.4507 0.5244
0.4505 0.5243
0.0004 0.0005
0.0004 0.0004
0.5152 0.0862
0.5222 0.5239
0.5222 0.5251
1
7 4
0.6269 0.7322
1.0000 1.0000
1.0000 1.0000
0.6267 1.0000
1
8 6
0.5238 0.6128
0.6269 0.7322
1.0000 1.0000
1.0000 0.5244
0.5222 0.5239
0.5222 0.5251
1
9 3
0.4505 0.5243
0.0582 0.5282
0.0004 0.0005
